1, 2, 3, 4, 8, 10, 12, 13, 14, 18, 20, 22
5, 6, 7, 11, 17
9, 15, 16, 19, 21, 23, 27, 30, 31, 33, 34
24, 25, 26, 28, 29, 32

3, 4, 8, 11, 15, 18, 21, 23, 24, 29, 35, 45, 51, 55, 59
1, 5, 6, 9, 13, 17, 22, 25, 26, 27, 31, 32, 39, 41, 48, 54, 56, 57, 60
0, 2, 7, 10, 19, 28, 30, 42, 47
12, 14, 16, 20, 33, 34, 36, 37, 38, 40, 43, 44, 46, 49, 50, 52, 53, 58, 61

1, 25, 33, 37, 45, 89, 103, 105, 109
0, 4, 9, 11, 16, 23, 24, 28, 41, 50, 69, 90, 93, 104
3, 5, 10, 40, 52, 72, 74, 81, 84, 98, 102, 107
2, 6, 13, 15, 32, 39, 47, 60, 64, 100, 106
7, 8, 21, 22, 51, 68, 77, 78, 108, 111
12, 14, 18, 26, 31, 34, 36, 38, 42, 43, 54, 61, 71, 85, 99
17, 20, 27, 56, 58, 59, 62, 63, 65, 70, 76, 87, 95, 96, 97, 113
19, 29, 30, 35, 55, 79, 80, 82, 94, 101
44, 48, 57, 66, 75, 86, 91, 92, 112
46, 49, 53, 67, 73, 83, 88, 110, 114

0, 1, 2, 4, 5, 6, 7, 29
3, 8, 9, 10, 11, 12, 13, 14, 15, 16, 17, 18, 19, 20, 21, 22, 23, 24, 25, 26, 27, 32, 33, 34, 35, 36, 37, 38, 39, 40, 41, 42, 43, 44, 45, 46, 47, 48, 49, 53, 54, 55, 56, 57
28, 30, 31, 59, 60, 61, 62, 63, 66, 70, 71, 72, 73, 74, 75, 76, 77, 78, 79, 80, 81, 82, 83, 84, 86, 87, 88, 89, 90, 91, 92, 93, 94, 95, 96, 97, 98, 99, 100, 101, 102
50, 51, 52, 58, 64, 65, 67, 68, 69, 85, 103, 104
